# dimensionless spectra - smoothed according to reduced frequency bins
# frequency=0 where no energy content
# format: standard numpy.genfromtxt()
# variables = "f_sm" "S_uu_sm" "S_vv_sm" "S_uv_sm" 
0.00000000 0.00000000 0.00000000 0.00000000
0.00000000 0.00000000 0.00000000 0.00000000
0.00000000 0.00000000 0.00000000 0.00000000
0.00000000 0.00000000 0.00000000 0.00000000
0.00000000 0.00000000 0.00000000 0.00000000
0.00000000 0.00000000 0.00000000 0.00000000
0.00000000 0.00000000 0.00000000 0.00000000
0.00000000 0.00000000 0.00000000 0.00000000
0.00000000 0.00000000 0.00000000 0.00000000
0.00000000 0.00000000 0.00000000 0.00000000
0.00000000 0.00000000 0.00000000 0.00000000
0.00000000 0.00000000 0.00000000 0.00000000
0.00022310 0.00454611 0.00103144 0.00216539
0.00044621 0.00035922 0.00591764 0.00145796
0.00066931 0.03954312 0.00057248 0.00475783
0.00089242 0.00106349 0.00530532 0.00237529
0.00111552 0.01335292 0.00051442 0.00262085
0.00133863 0.00723259 0.00256174 0.00430435
0.00156173 0.05003118 0.01336697 0.02586009
0.00178483 0.00212511 0.02422475 0.00717486
0.00211949 0.03686446 0.02615565 0.02707567
0.00245415 0.00865352 0.02905007 0.01585489
0.00278880 0.10042782 0.00233287 0.01521234
0.00312346 0.02328011 0.00291999 0.00824473
0.00345812 0.07019795 0.00747733 0.02118825
0.00390432 0.05571386 0.00518038 0.01678235
0.00446208 0.04450748 0.07983782 0.04836125
0.00513140 0.08322494 0.01672134 0.02142260
0.00580071 0.02973266 0.02617259 0.02220202
0.00647002 0.12150249 0.08376942 0.08118032
0.00725089 0.15567651 0.12293115 0.13105191
0.00814330 0.10230736 0.02458122 0.04969188
0.00914727 0.14453951 0.03357642 0.06638089
0.01037435 0.16592919 0.08932310 0.08839243
0.01171297 0.07208878 0.05970331 0.05899001
0.01316315 0.10925200 0.03736464 0.05022806
0.01472488 0.11401351 0.09403496 0.07437255
0.01650971 0.17077107 0.11548084 0.11323910
0.01862920 0.12144081 0.14426026 0.09111194
0.02086024 0.20241575 0.06562575 0.10347031
0.02342594 0.19426847 0.08460114 0.09270751
0.02632630 0.18717736 0.24710729 0.15642046
0.02956131 0.25497931 0.14684027 0.16297866
0.03324253 0.25099420 0.12599188 0.14998334
0.03725840 0.26350585 0.17751757 0.16073757
0.04183204 0.18848676 0.14915707 0.10545892
0.04696344 0.16520177 0.19381032 0.13741306
0.05276415 0.18946054 0.13776135 0.12312470
0.05923417 0.17901004 0.17995826 0.12757172
0.06648505 0.18718302 0.17823316 0.14559016
0.07462836 0.17301246 0.17908981 0.13900783
0.08377563 0.19077430 0.23713429 0.16985155
0.09403842 0.14400071 0.16225988 0.11094930
0.10552829 0.16753547 0.21758843 0.13837839
0.11846834 0.19716280 0.16958210 0.15765784
0.13285856 0.18266859 0.23280306 0.16743516
0.14903361 0.13816607 0.21269111 0.13717542
0.16732816 0.21536977 0.23319992 0.17187058
0.18785375 0.21965698 0.22503242 0.18447121
0.21072193 0.16967232 0.20031145 0.15409463
0.23649046 0.15657828 0.21875960 0.13687004
0.26538246 0.15178372 0.18934093 0.12907714
0.29773257 0.12338731 0.18637845 0.11518457
0.33409856 0.15244763 0.21109960 0.14361130
0.37492663 0.13613133 0.16875901 0.11947591
0.42077454 0.12353971 0.18374149 0.12150514
0.47208851 0.12412200 0.18790111 0.11755427
0.52964940 0.13043046 0.18462218 0.12091387
0.59434962 0.11189323 0.15882243 0.10385850
0.66697004 0.09248009 0.16480176 0.09946685
0.74840308 0.09739433 0.15027940 0.09664070
0.83976425 0.09832033 0.15124812 0.09327790
0.94216908 0.09960157 0.13388918 0.09205004
1.05717930 0.07894711 0.12842665 0.08008589
1.18635664 0.07809091 0.12944187 0.08013738
1.33115127 0.07401489 0.11597519 0.07326927
1.49357114 0.06896799 0.10966263 0.06819075
1.67584728 0.06722611 0.11039424 0.06768610
1.88032229 0.06597526 0.10362611 0.06406740
2.10967342 0.05481670 0.09592340 0.05682514
2.36713568 0.05249290 0.09210340 0.05526542
2.65605563 0.05111786 0.08343428 0.05174155
2.98011450 0.04643488 0.07582638 0.04594176
3.34366281 0.03981941 0.06937452 0.04185914
3.75160886 0.03840268 0.06567233 0.03979646
4.20941870 0.03544139 0.06108531 0.03656241
4.72311614 0.03437529 0.05734649 0.03460610
5.29939432 0.03365796 0.05642199 0.03426811
5.94595032 0.03490899 0.05542693 0.03429445
6.67148522 0.03529300 0.05835943 0.03559406
