# dimensionless spectra - smoothed according to reduced frequency bins
# frequency=0 where no energy content
# format: standard numpy.genfromtxt()
# variables = "f_sm" "S_uu_sm" "S_vv_sm" "S_uv_sm" 
0.00000000 0.00000000 0.00000000 0.00000000
0.00000000 0.00000000 0.00000000 0.00000000
0.00000000 0.00000000 0.00000000 0.00000000
0.00000000 0.00000000 0.00000000 0.00000000
0.00000000 0.00000000 0.00000000 0.00000000
0.00000000 0.00000000 0.00000000 0.00000000
0.00000000 0.00000000 0.00000000 0.00000000
0.00000000 0.00000000 0.00000000 0.00000000
0.00000000 0.00000000 0.00000000 0.00000000
0.00000000 0.00000000 0.00000000 0.00000000
0.00000000 0.00000000 0.00000000 0.00000000
0.00000000 0.00000000 0.00000000 0.00000000
0.00027458 0.00337366 0.00154220 0.00228094
0.00054915 0.00074036 0.00219669 0.00127527
0.00082373 0.01759245 0.01187288 0.01445223
0.00109830 0.01040444 0.00440661 0.00677104
0.00137288 0.01307037 0.00100055 0.00361624
0.00164746 0.02710207 0.02753301 0.02731630
0.00192203 0.18624350 0.02844746 0.07278737
0.00219661 0.03475235 0.01588901 0.02349818
0.00260847 0.02446495 0.00387632 0.00973614
0.00302034 0.07962715 0.01371538 0.03304671
0.00343220 0.09419770 0.03161176 0.05435958
0.00384407 0.03937857 0.01172503 0.02148725
0.00425593 0.07059154 0.03427466 0.03904821
0.00480508 0.10883560 0.02331519 0.05020397
0.00549152 0.01711788 0.01556107 0.01477557
0.00631525 0.11318665 0.01269292 0.03237098
0.00713898 0.11787566 0.06271015 0.08376549
0.00796271 0.06675698 0.05487971 0.05762131
0.00892372 0.06638106 0.04738696 0.05313171
0.01002203 0.16269642 0.05079390 0.08468394
0.01125762 0.18459119 0.06169448 0.10139425
0.01276779 0.13139513 0.08839575 0.08032489
0.01441525 0.04756738 0.09467932 0.05670001
0.01619999 0.12032294 0.04523087 0.06725015
0.01812202 0.20525582 0.08610152 0.11070306
0.02031863 0.22341074 0.14256878 0.16470957
0.02292711 0.31334175 0.17571872 0.19124345
0.02567287 0.20582911 0.12361026 0.12372033
0.02883049 0.34655530 0.12815701 0.15091273
0.03239998 0.17670747 0.13034614 0.11330350
0.03638134 0.17393982 0.23481983 0.17914228
0.04091184 0.14672770 0.16510373 0.12085684
0.04585421 0.24410813 0.22926001 0.17069622
0.05148302 0.18181456 0.16673601 0.13705339
0.05779827 0.24156695 0.17523131 0.16711482
0.06493725 0.22995129 0.19664109 0.17571573
0.07289996 0.23993029 0.25675876 0.18724302
0.08182368 0.23604269 0.24767404 0.19451922
0.09184571 0.17910907 0.22429193 0.15563510
0.10310333 0.21623240 0.26598288 0.18125620
0.11573384 0.23088248 0.25858187 0.20041215
0.12987451 0.16361827 0.15212661 0.12247812
0.14579992 0.16760470 0.23733465 0.16029720
0.16351008 0.15176419 0.23425398 0.15896925
0.18341685 0.14810832 0.18594050 0.12359161
0.20593209 0.15398207 0.15910828 0.12537835
0.23119310 0.13636594 0.21331598 0.13352162
0.25933715 0.11353449 0.18160763 0.11453403
0.29105069 0.11666585 0.19547183 0.12041441
0.32660830 0.11729655 0.17662097 0.11228861
0.36642184 0.10437622 0.17492715 0.10770129
0.41117774 0.11527864 0.18111206 0.10786445
0.46142517 0.10381954 0.15467825 0.09767533
0.51785057 0.10058502 0.14761828 0.09549183
0.58100308 0.08815261 0.16686976 0.09246557
0.65184371 0.07845276 0.14276923 0.08457200
0.73147079 0.07740874 0.13381452 0.08007351
0.82084532 0.07979704 0.11809844 0.07753406
0.92106560 0.07406526 0.13500506 0.07984743
1.03364181 0.07227110 0.11834399 0.07389265
1.15980954 0.06022439 0.12204147 0.06825826
1.30121624 0.06626337 0.10946046 0.06914581
1.46005853 0.05803373 0.10517999 0.06209529
1.63825843 0.05463652 0.10066229 0.05926629
1.83814985 0.05542485 0.09980628 0.05830702
2.06247854 0.04795397 0.09412854 0.05301713
2.31412756 0.04729906 0.08769250 0.05098624
2.59639181 0.04428916 0.08085938 0.04752528
2.91325266 0.03972497 0.07370505 0.04212961
3.26882874 0.03770789 0.06875952 0.04006906
3.66765056 0.03560801 0.06685239 0.03843923
4.11507235 0.03200221 0.06072554 0.03475412
4.61713479 0.02934835 0.05693299 0.03243709
5.18056499 0.02711301 0.05512235 0.03068204
5.81277651 0.02654562 0.04833709 0.02821981
6.52200664 0.02598483 0.04385668 0.02682769
7.31772824 0.02371244 0.04271442 0.02492953
8.21064979 0.02430548 0.04256343 0.02529435
