# dimensionless spectra - smoothed according to reduced frequency bins
# frequency=0 where no energy content
# format: standard numpy.genfromtxt()
# variables = "f_sm" "S_uu_sm" "S_vv_sm" "S_uv_sm" 
0.00000000 0.00000000 0.00000000 0.00000000
0.00000000 0.00000000 0.00000000 0.00000000
0.00000000 0.00000000 0.00000000 0.00000000
0.00000000 0.00000000 0.00000000 0.00000000
0.00000000 0.00000000 0.00000000 0.00000000
0.00000000 0.00000000 0.00000000 0.00000000
0.00000000 0.00000000 0.00000000 0.00000000
0.00000000 0.00000000 0.00000000 0.00000000
0.00000000 0.00000000 0.00000000 0.00000000
0.00000000 0.00000000 0.00000000 0.00000000
0.00000000 0.00000000 0.00000000 0.00000000
0.00000000 0.00000000 0.00000000 0.00000000
0.00053022 0.00875262 0.00128748 0.00335686
0.00106044 0.02129087 0.00004557 0.00098497
0.00159066 0.02611705 0.00011950 0.00176660
0.00212088 0.00310972 0.00322361 0.00316612
0.00265110 0.00368931 0.00173374 0.00252906
0.00318132 0.00967153 0.00882800 0.00924003
0.00371153 0.04386457 0.00794792 0.01867147
0.00424175 0.03572504 0.00242132 0.00930052
0.00503708 0.02004461 0.00477390 0.00977467
0.00583241 0.04264229 0.02091799 0.02986585
0.00662774 0.01880881 0.00995841 0.01348618
0.00742307 0.20613725 0.00544308 0.03349618
0.00821840 0.01257380 0.02410518 0.01506839
0.00927884 0.03906538 0.01225167 0.02168580
0.01060438 0.11707625 0.01465991 0.03462975
0.01219504 0.06525090 0.00414951 0.01464147
0.01378570 0.18083821 0.00868529 0.03691825
0.01537636 0.20730008 0.01672395 0.05409689
0.01723212 0.16700973 0.01666058 0.04543365
0.01935300 0.17299610 0.04296377 0.08174373
0.02173899 0.07879916 0.02277749 0.03874035
0.02465519 0.06500611 0.05306742 0.03952677
0.02783651 0.21572150 0.08762325 0.12835998
0.03128293 0.09431485 0.05047025 0.05816996
0.03499447 0.18440097 0.01557369 0.04312558
0.03923622 0.23505250 0.06919970 0.09405501
0.04427330 0.22795472 0.08276650 0.10455730
0.04957550 0.29395600 0.08909817 0.13344859
0.05567302 0.29503103 0.18793455 0.18997351
0.06256587 0.26353815 0.15260503 0.17166220
0.07025404 0.25624447 0.13639296 0.16378267
0.07900266 0.21582264 0.28854542 0.17910839
0.08854661 0.29535837 0.25382043 0.22676680
0.09941610 0.24643268 0.30878019 0.21474433
0.11161114 0.21977265 0.17650866 0.15614597
0.12539684 0.23426887 0.27297907 0.17118590
0.14077320 0.17788325 0.26879508 0.16654034
0.15800532 0.23213072 0.23415353 0.19897712
0.17735832 0.17956606 0.27596540 0.16296611
0.19909731 0.19725463 0.23379236 0.17508584
0.22348739 0.21972785 0.27856302 0.21611014
0.25079368 0.18734280 0.32771405 0.20418735
0.28154640 0.11988324 0.22700185 0.13367154
0.31574554 0.16984356 0.28496828 0.17788877
0.35418643 0.12777445 0.26818024 0.14571409
0.39766440 0.13201824 0.20419135 0.12990376
0.44644457 0.12258188 0.21913070 0.13427190
0.50079204 0.11280576 0.21850040 0.12943846
0.56203236 0.09959363 0.21158349 0.11688137
0.63069574 0.10999552 0.21537677 0.11722029
0.70757753 0.10023382 0.20360983 0.11313153
0.79400326 0.09787366 0.18626104 0.10660786
0.89103337 0.08784661 0.15914641 0.09400271
1.00025853 0.08648279 0.15834626 0.09028378
1.12247405 0.07844618 0.16056388 0.08575209
1.25927061 0.07229167 0.13423432 0.07891598
1.41303418 0.07293871 0.13941349 0.07540492
1.58562053 0.06336207 0.12562055 0.07090995
1.77915054 0.06328512 0.10330186 0.06310790
1.99627530 0.05849513 0.10964419 0.06247470
2.23964591 0.05525479 0.09744414 0.05592201
2.51270880 0.05555385 0.10759440 0.06024058
2.81944061 0.04896350 0.08982687 0.05169233
3.16355287 0.04532051 0.07798786 0.04643686
3.54955245 0.04332576 0.07954944 0.04561293
3.98274154 0.04007126 0.07621125 0.04298852
4.46868744 0.03785304 0.07285099 0.04179108
5.01375278 0.03800422 0.06717493 0.03979300
5.62562574 0.03545881 0.06521104 0.03826661
6.31225961 0.03388758 0.05842164 0.03496867
7.08240300 0.03109996 0.05517486 0.03240673
7.94639520 0.02887932 0.05165859 0.03007898
8.91590101 0.02639316 0.04928291 0.02842436
10.00391081 0.02513158 0.04638785 0.02684190
11.22474053 0.02307842 0.03891265 0.02358991
12.59429673 0.02131980 0.03825881 0.02269738
14.13087198 0.01985994 0.03462550 0.02072184
15.85514483 0.02051655 0.03326433 0.02061331
17.78991470 0.01964176 0.03243912 0.01984249
19.96063212 0.02088922 0.03381977 0.02086629
