# dimensionless spectra - smoothed according to reduced frequency bins
# frequency=0 where no energy content
# format: standard numpy.genfromtxt()
# variables = "f_sm" "S_uu_sm" "S_vv_sm" "S_uv_sm" 
0.00000000 0.00000000 0.00000000 0.00000000
0.00000000 0.00000000 0.00000000 0.00000000
0.00000000 0.00000000 0.00000000 0.00000000
0.00000000 0.00000000 0.00000000 0.00000000
0.00000000 0.00000000 0.00000000 0.00000000
0.00000000 0.00000000 0.00000000 0.00000000
0.00000000 0.00000000 0.00000000 0.00000000
0.00000000 0.00000000 0.00000000 0.00000000
0.00000000 0.00000000 0.00000000 0.00000000
0.00000000 0.00000000 0.00000000 0.00000000
0.00000000 0.00000000 0.00000000 0.00000000
0.00000000 0.00000000 0.00000000 0.00000000
0.00000000 0.00000000 0.00000000 0.00000000
0.00000000 0.00000000 0.00000000 0.00000000
0.00000000 0.00000000 0.00000000 0.00000000
0.00000000 0.00000000 0.00000000 0.00000000
0.00000000 0.00000000 0.00000000 0.00000000
0.00000000 0.00000000 0.00000000 0.00000000
0.00000000 0.00000000 0.00000000 0.00000000
0.00000000 0.00000000 0.00000000 0.00000000
0.00000000 0.00000000 0.00000000 0.00000000
0.00000000 0.00000000 0.00000000 0.00000000
0.00000000 0.00000000 0.00000000 0.00000000
0.00000000 0.00000000 0.00000000 0.00000000
0.00000000 0.00000000 0.00000000 0.00000000
0.00000000 0.00000000 0.00000000 0.00000000
0.00002157 0.00005281 0.00011529 0.00007802
0.00004314 0.00088372 0.00017406 0.00039218
0.00006471 0.00119842 0.00008790 0.00032454
0.00008628 0.00500927 0.00002912 0.00038190
0.00010784 0.00726047 0.00544701 0.00628835
0.00012941 0.00225261 0.00404894 0.00301988
0.00015098 0.01094314 0.00204434 0.00472958
0.00017255 0.00136796 0.00330671 0.00212672
0.00020490 0.00501354 0.00181584 0.00285284
0.00023726 0.04514375 0.01224478 0.02350985
0.00026961 0.00460977 0.00794731 0.00498979
0.00030196 0.00858797 0.00896607 0.00877449
0.00033432 0.01101776 0.00291519 0.00557505
0.00037745 0.01498837 0.00845558 0.01080202
0.00043138 0.03683754 0.01198869 0.01703029
0.00049608 0.04778352 0.02684924 0.03498626
0.00056079 0.05340912 0.01216073 0.02498746
0.00062549 0.02184820 0.01840620 0.01893016
0.00070099 0.03743325 0.00580927 0.01412620
0.00078726 0.00764684 0.00378438 0.00466082
0.00088432 0.03734575 0.04509458 0.03517747
0.00100295 0.01982719 0.01656770 0.01246818
0.00113236 0.06244267 0.03537762 0.04329975
0.00127256 0.09317737 0.03579047 0.05209406
0.00142354 0.08277557 0.04346024 0.05421387
0.00159609 0.09775876 0.10212229 0.07956419
0.00180099 0.06392906 0.06945495 0.05280105
0.00201668 0.07280092 0.10492790 0.06717378
0.00226472 0.14837383 0.06366756 0.07061176
0.00254512 0.10439304 0.07166006 0.07002309
0.00285786 0.11700417 0.07597518 0.08137386
0.00321375 0.10200282 0.12833439 0.08923805
0.00360199 0.08652049 0.12542709 0.08435911
0.00404415 0.16153448 0.13774928 0.11353726
0.00454023 0.14663611 0.15388778 0.11118519
0.00510102 0.10629377 0.15832382 0.10414457
0.00572651 0.14673572 0.26620436 0.13769097
0.00642750 0.13797086 0.23443182 0.14822539
0.00721476 0.22148630 0.22503746 0.18903613
0.00809908 0.15875553 0.22672295 0.14461223
0.00909125 0.19620275 0.22078511 0.17750168
0.01020204 0.20527347 0.23361545 0.15799952
0.01145303 0.24108763 0.30324586 0.20385494
0.01284422 0.22439286 0.29476321 0.20463431
0.01440795 0.28905361 0.28165588 0.22006215
0.01617659 0.31634945 0.23277134 0.21656692
0.01816092 0.26626285 0.25357765 0.21007711
0.02037172 0.26621187 0.29239372 0.22035483
0.02286292 0.25921583 0.27883998 0.21183038
0.02565608 0.25426409 0.26580353 0.20502728
0.02878355 0.31968230 0.29217210 0.23470764
0.03229927 0.24824072 0.29594749 0.21339809
0.03624635 0.25335461 0.26248376 0.20870892
0.04067874 0.24393329 0.27662431 0.20359220
0.04563956 0.24005924 0.25831929 0.20112040
0.05120431 0.22862575 0.24096537 0.18454013
0.05745926 0.21957618 0.22403850 0.17729749
0.06447990 0.22260327 0.21321123 0.17198807
0.07235251 0.23102588 0.19258669 0.15745795
0.08118493 0.19580583 0.18260109 0.14985321
0.09108501 0.18043216 0.17443567 0.14367283
0.10219294 0.17917829 0.15997856 0.13214367
0.11467048 0.17827095 0.15502663 0.13342305
0.12866863 0.16100519 0.15739763 0.12449185
0.14437071 0.17302559 0.15021075 0.12805870
0.16199241 0.17443096 0.15827561 0.12746249
0.18118864 0.18016852 0.16290331 0.13606023
