# dimensionless spectra - smoothed according to reduced frequency bins
# frequency=0 where no energy content
# format: standard numpy.genfromtxt()
# variables = "f_sm" "S_uu_sm" "S_vv_sm" "S_uv_sm" 
0.00000000 0.00000000 0.00000000 0.00000000
0.00000000 0.00000000 0.00000000 0.00000000
0.00000000 0.00000000 0.00000000 0.00000000
0.00000000 0.00000000 0.00000000 0.00000000
0.00000000 0.00000000 0.00000000 0.00000000
0.00000000 0.00000000 0.00000000 0.00000000
0.00000000 0.00000000 0.00000000 0.00000000
0.00000000 0.00000000 0.00000000 0.00000000
0.00000000 0.00000000 0.00000000 0.00000000
0.00000000 0.00000000 0.00000000 0.00000000
0.00000000 0.00000000 0.00000000 0.00000000
0.00000000 0.00000000 0.00000000 0.00000000
0.00000000 0.00000000 0.00000000 0.00000000
0.00000000 0.00000000 0.00000000 0.00000000
0.00000000 0.00000000 0.00000000 0.00000000
0.00000000 0.00000000 0.00000000 0.00000000
0.00000000 0.00000000 0.00000000 0.00000000
0.00000000 0.00000000 0.00000000 0.00000000
0.00000000 0.00000000 0.00000000 0.00000000
0.00000000 0.00000000 0.00000000 0.00000000
0.00000000 0.00000000 0.00000000 0.00000000
0.00000000 0.00000000 0.00000000 0.00000000
0.00002997 0.00201186 0.00005532 0.00033359
0.00005994 0.00485689 0.00053620 0.00161368
0.00008991 0.00919958 0.00099978 0.00303257
0.00011988 0.00387198 0.00327429 0.00356042
0.00014985 0.00238056 0.00195669 0.00215812
0.00017981 0.00470965 0.00128088 0.00245598
0.00020978 0.00691533 0.00209270 0.00380396
0.00023975 0.00092387 0.01704011 0.00396751
0.00028471 0.00866017 0.00261180 0.00335149
0.00032966 0.00790068 0.00670418 0.00727748
0.00037461 0.00830857 0.00759449 0.00511517
0.00041957 0.04732705 0.00905060 0.02069518
0.00046452 0.02864658 0.02684485 0.02213140
0.00052446 0.02644334 0.00518558 0.01123494
0.00059938 0.02621392 0.01430752 0.01438994
0.00068929 0.02530153 0.00676131 0.01279217
0.00077920 0.06792518 0.00708784 0.02055227
0.00086910 0.08271635 0.02343369 0.04307860
0.00097400 0.00657837 0.02168799 0.00918031
0.00109387 0.05188207 0.01539111 0.02417244
0.00122873 0.03468093 0.05544479 0.02506640
0.00139356 0.05777218 0.07223625 0.04921202
0.00157338 0.08412646 0.05850129 0.05868173
0.00176818 0.11946925 0.02291377 0.04757781
0.00197796 0.07143842 0.03080759 0.03084217
0.00221771 0.08719075 0.11592074 0.07605771
0.00250242 0.05688524 0.05686823 0.04438250
0.00280211 0.08943929 0.09764107 0.08170060
0.00314675 0.06919627 0.12981224 0.08015990
0.00353635 0.08093909 0.07612237 0.05790884
0.00397091 0.12102539 0.09527833 0.08575359
0.00446540 0.14946725 0.09103319 0.09726259
0.00500484 0.14292189 0.10952931 0.10387523
0.00561921 0.10658503 0.17517969 0.11399357
0.00630849 0.11054092 0.18410630 0.10946348
0.00708769 0.13223853 0.11962417 0.10431880
0.00795679 0.17706638 0.19434191 0.13649351
0.00893079 0.19556605 0.18801703 0.16405927
0.01002466 0.17745289 0.17438933 0.13108098
0.01125340 0.17541531 0.24952592 0.18041587
0.01263197 0.20045161 0.25630975 0.18872925
0.01417538 0.18387526 0.18666061 0.15375559
0.01591359 0.21951383 0.27565808 0.20218030
0.01784660 0.24814079 0.27990904 0.21186883
0.02001936 0.20692077 0.25766441 0.17008238
0.02247682 0.23003941 0.26640214 0.19247616
0.02523398 0.27773713 0.29933877 0.23716001
0.02830581 0.23402274 0.30423802 0.22174820
0.03176724 0.22649799 0.28427757 0.19579863
0.03564824 0.28297687 0.27865175 0.21870760
0.03999376 0.26806594 0.24865402 0.19574564
0.04487872 0.24947537 0.25795782 0.19850426
0.05036306 0.22401301 0.26553867 0.19103132
0.05652171 0.28841432 0.26092336 0.20977921
0.06341461 0.26243902 0.23713072 0.19325035
0.07114663 0.24735891 0.23310767 0.19016919
0.07983767 0.24748500 0.23708611 0.19073034
0.08959261 0.22440397 0.21025444 0.16969206
0.10053133 0.20649048 0.20221793 0.15587717
0.11280367 0.19514483 0.16892352 0.14191680
0.12655949 0.18795529 0.18301661 0.14501981
0.14199357 0.18199186 0.18386835 0.14421414
0.15933069 0.17207836 0.16503725 0.12803137
0.17878064 0.17085312 0.16845090 0.13456435
0.20059814 0.15718196 0.15766631 0.12554434
0.22508289 0.17330110 0.14336388 0.12716459
0.25254956 0.17716642 0.15313652 0.13146166
0.26708458 0.39947796 0.08285922 0.18192504
