# dimensionless spectra - smoothed according to reduced frequency bins
# frequency=0 where no energy content
# format: standard numpy.genfromtxt()
# variables = "f_sm" "S_uu_sm" "S_vv_sm" "S_uv_sm" 
0.00000000 0.00000000 0.00000000 0.00000000
0.00000000 0.00000000 0.00000000 0.00000000
0.00000000 0.00000000 0.00000000 0.00000000
0.00000000 0.00000000 0.00000000 0.00000000
0.00000000 0.00000000 0.00000000 0.00000000
0.00000000 0.00000000 0.00000000 0.00000000
0.00000000 0.00000000 0.00000000 0.00000000
0.00000000 0.00000000 0.00000000 0.00000000
0.00000000 0.00000000 0.00000000 0.00000000
0.00000000 0.00000000 0.00000000 0.00000000
0.00000000 0.00000000 0.00000000 0.00000000
0.00000000 0.00000000 0.00000000 0.00000000
0.00000000 0.00000000 0.00000000 0.00000000
0.00000000 0.00000000 0.00000000 0.00000000
0.00000000 0.00000000 0.00000000 0.00000000
0.00000000 0.00000000 0.00000000 0.00000000
0.00000000 0.00000000 0.00000000 0.00000000
0.00000000 0.00000000 0.00000000 0.00000000
0.00000000 0.00000000 0.00000000 0.00000000
0.00000000 0.00000000 0.00000000 0.00000000
0.00000000 0.00000000 0.00000000 0.00000000
0.00000000 0.00000000 0.00000000 0.00000000
0.00000000 0.00000000 0.00000000 0.00000000
0.00000000 0.00000000 0.00000000 0.00000000
0.00000000 0.00000000 0.00000000 0.00000000
0.00000000 0.00000000 0.00000000 0.00000000
0.00000000 0.00000000 0.00000000 0.00000000
0.00000000 0.00000000 0.00000000 0.00000000
0.00001614 0.00007761 0.00014962 0.00010775
0.00003228 0.00475968 0.00245400 0.00341743
0.00004841 0.01025082 0.00039735 0.00201808
0.00006455 0.00096333 0.00366638 0.00187924
0.00008069 0.00567637 0.00531527 0.00549253
0.00009683 0.01167428 0.00329107 0.00619809
0.00011296 0.00086099 0.00171256 0.00121422
0.00012910 0.00095380 0.00339168 0.00179850
0.00015331 0.00258558 0.00794977 0.00452901
0.00017751 0.01488074 0.00588042 0.00935385
0.00020172 0.00519667 0.00949609 0.00631732
0.00022593 0.01435623 0.00268124 0.00620386
0.00025013 0.01350334 0.00281975 0.00604492
0.00028241 0.01702062 0.00641453 0.01034508
0.00032275 0.02761650 0.00666670 0.01344619
0.00037117 0.01142248 0.01025885 0.00905623
0.00041958 0.03858004 0.01263077 0.02069259
0.00046799 0.04781368 0.00977335 0.01486119
0.00052447 0.05623237 0.02125290 0.02682588
0.00058903 0.06143675 0.04226678 0.04884112
0.00066164 0.04128840 0.03402285 0.03474971
0.00075040 0.02553007 0.01808946 0.02008499
0.00084723 0.05626708 0.07946650 0.03715404
0.00095212 0.09141726 0.03173372 0.04690391
0.00106509 0.05183058 0.02799639 0.02691576
0.00119419 0.06569378 0.04394634 0.04894136
0.00134750 0.09839512 0.07407330 0.07967882
0.00150887 0.10764320 0.10986625 0.09711864
0.00169446 0.04823936 0.08853682 0.05186445
0.00190425 0.14887381 0.07778348 0.07635282
0.00213824 0.14584411 0.14062273 0.10657568
0.00240451 0.10052872 0.10421206 0.08105296
0.00269499 0.13918288 0.12088035 0.10741038
0.00302581 0.07858389 0.07291631 0.06190674
0.00339698 0.17830954 0.12781737 0.12843123
0.00381656 0.14320087 0.19946992 0.13404719
0.00428455 0.12790619 0.15113363 0.11940579
0.00480903 0.19175828 0.23329681 0.16570176
0.00539805 0.19446193 0.19515609 0.13714792
0.00605970 0.23714031 0.21732122 0.18074722
0.00680203 0.24361395 0.32003022 0.20575475
0.00763312 0.22918696 0.25516731 0.20675569
0.00856911 0.19990775 0.28881280 0.18834652
0.00960999 0.22449711 0.27971431 0.20104247
0.01077997 0.21548180 0.28547103 0.19173884
0.01210326 0.23320018 0.29314944 0.22404017
0.01358793 0.29357286 0.23825204 0.21241424
0.01524204 0.24646732 0.28595218 0.21779965
0.01710594 0.27024386 0.30234861 0.23249360
0.01919577 0.25971406 0.30616193 0.22822164
0.02153573 0.29108832 0.30238307 0.24352048
0.02416617 0.28224007 0.32101835 0.23568036
0.02711937 0.25239986 0.30600732 0.21286639
0.03043566 0.27261694 0.24405765 0.20556769
0.03414733 0.24915494 0.23691118 0.19338653
0.03831085 0.25192300 0.23585717 0.19451877
0.04299078 0.24270305 0.21880729 0.17918430
0.04824359 0.21968518 0.23331975 0.17757173
0.05413384 0.20408627 0.18861106 0.15108260
0.06074222 0.19825925 0.17164432 0.14878267
0.06814942 0.18316964 0.17039935 0.14093902
0.07646032 0.18596920 0.16269197 0.13508935
0.08579597 0.17229036 0.15805604 0.13300578
0.09626932 0.16416510 0.14897392 0.12509034
0.10801756 0.15917694 0.14018979 0.11931128
0.12120204 0.16664263 0.15433896 0.12542505
0.13189325 0.18674794 0.16113198 0.13329801
