# dimensionless spectra - smoothed according to reduced frequency bins
# frequency=0 where no energy content
# format: standard numpy.genfromtxt()
# variables = "f_sm" "S_uu_sm" "S_vv_sm" "S_uv_sm" 
0.00000000 0.00000000 0.00000000 0.00000000
0.00000000 0.00000000 0.00000000 0.00000000
0.00000000 0.00000000 0.00000000 0.00000000
0.00000000 0.00000000 0.00000000 0.00000000
0.00000000 0.00000000 0.00000000 0.00000000
0.00000000 0.00000000 0.00000000 0.00000000
0.00000000 0.00000000 0.00000000 0.00000000
0.00000000 0.00000000 0.00000000 0.00000000
0.00000000 0.00000000 0.00000000 0.00000000
0.00000000 0.00000000 0.00000000 0.00000000
0.00000000 0.00000000 0.00000000 0.00000000
0.00000000 0.00000000 0.00000000 0.00000000
0.00006179 0.00165473 0.00120117 0.00140980
0.00012359 0.00194795 0.00009915 0.00043946
0.00018538 0.01585514 0.00443872 0.00838888
0.00024717 0.01304971 0.00923738 0.01097905
0.00030896 0.01061841 0.00319350 0.00582308
0.00037076 0.00700490 0.00128529 0.00300048
0.00043255 0.01030176 0.01175870 0.01100589
0.00049434 0.03342605 0.02438124 0.02854699
0.00058703 0.04743118 0.00828966 0.01970472
0.00067972 0.02357173 0.06047782 0.03775580
0.00077241 0.00638517 0.01520733 0.00586342
0.00086510 0.00481674 0.00438813 0.00459734
0.00095779 0.01502894 0.00784423 0.00850957
0.00108137 0.01966518 0.05371440 0.03204263
0.00123586 0.02564897 0.02544942 0.02320655
0.00142123 0.07180439 0.00874713 0.02206305
0.00160661 0.02390453 0.05027974 0.03111191
0.00179199 0.02955419 0.01014485 0.01707003
0.00200827 0.05304619 0.01297833 0.01783467
0.00225544 0.06741729 0.01025794 0.02158624
0.00253351 0.09174685 0.05984206 0.04472782
0.00287337 0.15549803 0.03128968 0.04592192
0.00324412 0.03497526 0.03688594 0.02471382
0.00364578 0.10248320 0.04789019 0.06678107
0.00407833 0.05121349 0.09015962 0.05028286
0.00457267 0.05730279 0.07931586 0.05985112
0.00515970 0.11366727 0.10124013 0.09755551
0.00577763 0.10720632 0.05401472 0.06162804
0.00648825 0.13779959 0.08375930 0.08321293
0.00729155 0.12651654 0.13609468 0.11788412
0.00818755 0.17539860 0.12245331 0.11369149
0.00920713 0.07970397 0.14178612 0.08654731
0.01031940 0.16699204 0.17187860 0.13909378
0.01158615 0.11569335 0.13183393 0.10051877
0.01300739 0.14974733 0.24169724 0.14790921
0.01461400 0.20448875 0.20622404 0.13404431
0.01640599 0.14290347 0.22681021 0.14202708
0.01841426 0.19472251 0.24106076 0.17530844
0.02066970 0.18410174 0.21490113 0.16194297
0.02320320 0.19762714 0.20544951 0.16254601
0.02604567 0.24248393 0.18658305 0.16746961
0.02922800 0.27157641 0.19178702 0.17874352
0.03281199 0.23042887 0.22257735 0.19764843
0.03679762 0.19841965 0.19332704 0.14302708
0.04127760 0.19148086 0.23572527 0.17227687
0.04634462 0.27332623 0.23443923 0.20426337
0.05202956 0.20893380 0.19564275 0.16113746
0.05836332 0.19623155 0.21536529 0.15953656
0.06550039 0.19636459 0.24099647 0.17624079
0.07350256 0.19319135 0.23233201 0.16807128
0.08246252 0.19067249 0.20864844 0.15883983
0.09253475 0.18788055 0.23161876 0.16456551
0.10384284 0.17871650 0.19428770 0.15421920
0.11654126 0.17873810 0.21035717 0.15699166
0.13075361 0.16639677 0.19496631 0.14111793
0.14669616 0.16204129 0.17041888 0.12768666
0.16461607 0.16067256 0.17509212 0.12859131
0.18472964 0.14847467 0.18014788 0.12630648
0.20728402 0.15624854 0.16289119 0.12879083
0.23258818 0.14274363 0.16014029 0.11960869
0.26095108 0.16208517 0.14983135 0.12412840
0.29277438 0.14278925 0.14634600 0.11478730
0.32852153 0.13805561 0.13508921 0.10540981
0.36862507 0.12350811 0.13328745 0.10117248
0.41361025 0.12215682 0.13223617 0.10084972
0.46409498 0.10809352 0.11750710 0.08720740
0.52072810 0.10533206 0.11135361 0.08642451
0.58425112 0.10096526 0.10294053 0.07904331
0.65556003 0.09284770 0.09240454 0.07340338
0.73558174 0.08783707 0.09397513 0.07242907
0.82533581 0.08101948 0.09002831 0.06706207
0.92602721 0.07839335 0.08119645 0.06311345
1.03904628 0.08046019 0.08341107 0.06431771
1.16587604 0.07817453 0.08376449 0.06348535
