# dimensionless spectra - smoothed according to reduced frequency bins
# frequency=0 where no energy content
# format: standard numpy.genfromtxt()
# variables = "f_sm" "S_uu_sm" "S_vv_sm" "S_uv_sm" 
0.00000000 0.00000000 0.00000000 0.00000000
0.00000000 0.00000000 0.00000000 0.00000000
0.00000000 0.00000000 0.00000000 0.00000000
0.00000000 0.00000000 0.00000000 0.00000000
0.00000000 0.00000000 0.00000000 0.00000000
0.00000000 0.00000000 0.00000000 0.00000000
0.00000000 0.00000000 0.00000000 0.00000000
0.00000000 0.00000000 0.00000000 0.00000000
0.00000000 0.00000000 0.00000000 0.00000000
0.00000000 0.00000000 0.00000000 0.00000000
0.00000000 0.00000000 0.00000000 0.00000000
0.00000000 0.00000000 0.00000000 0.00000000
0.00010939 0.00196234 0.00385588 0.00275068
0.00021877 0.00171574 0.00608570 0.00323126
0.00032816 0.01056407 0.00219372 0.00481389
0.00043755 0.00301515 0.00066646 0.00141753
0.00054694 0.00387380 0.00321085 0.00352671
0.00065632 0.00972948 0.00061549 0.00244707
0.00076571 0.01836349 0.00938672 0.01312879
0.00087510 0.00529798 0.02038312 0.01039156
0.00103918 0.00981936 0.00868212 0.00648418
0.00120326 0.13016479 0.02837625 0.06077355
0.00136734 0.00729389 0.00421217 0.00524682
0.00153142 0.08134662 0.00867076 0.02655759
0.00169550 0.03941595 0.02078957 0.02124993
0.00191428 0.04195065 0.01508765 0.02085979
0.00218775 0.09433395 0.01437047 0.03630105
0.00251591 0.05701816 0.01791653 0.02830507
0.00284407 0.04526663 0.01286511 0.02341252
0.00317223 0.05613188 0.02923573 0.03527604
0.00355509 0.08353490 0.03770724 0.05406179
0.00399264 0.04700985 0.01501681 0.02204962
0.00448488 0.03136761 0.05495737 0.03871968
0.00508651 0.05904277 0.06610200 0.05509012
0.00574283 0.05232443 0.02989085 0.03475422
0.00645385 0.15860530 0.05859923 0.08451266
0.00721956 0.07893324 0.08918848 0.06633353
0.00809466 0.14720397 0.05783065 0.07626872
0.00913384 0.18041907 0.06949669 0.09659793
0.01022772 0.10728439 0.09911744 0.09290704
0.01148567 0.10806963 0.05549570 0.06391496
0.01290771 0.15859987 0.14965728 0.12345289
0.01449382 0.12643848 0.11036301 0.08695781
0.01629871 0.15986116 0.13640785 0.12701911
0.01826768 0.15774356 0.13435075 0.11922136
0.02051012 0.11304074 0.12940414 0.08022043
0.02302603 0.14457196 0.15159255 0.11062244
0.02587010 0.15923971 0.16525021 0.12887772
0.02904234 0.23894163 0.16894009 0.16220499
0.03259742 0.16615584 0.21221121 0.14675066
0.03659006 0.16667481 0.20349582 0.15082698
0.04107494 0.14574508 0.13913136 0.11218531
0.04610676 0.19527494 0.17503494 0.15687117
0.05174021 0.21543751 0.15780382 0.13443121
0.05808467 0.25039724 0.17245355 0.16901761
0.06514016 0.21149657 0.22152433 0.18258346
0.07307074 0.23074934 0.20738340 0.16561050
0.08204050 0.19613548 0.17354989 0.14876231
0.09210413 0.19915258 0.20762729 0.14319061
0.10331633 0.20530973 0.24284625 0.18178480
0.11595057 0.21802940 0.21426200 0.16151669
0.13011623 0.17701510 0.25212040 0.16398236
0.14597739 0.19868459 0.23599491 0.17853799
0.16380753 0.19688988 0.23805199 0.16613081
0.18382541 0.18641392 0.24307817 0.16549681
0.20630451 0.17684711 0.24453846 0.16025320
0.23146359 0.17334069 0.19108040 0.14136185
0.25968552 0.14658744 0.20682729 0.13333679
0.29140785 0.17087272 0.21453037 0.15767105
0.32701343 0.14627149 0.19704834 0.13676523
0.36693980 0.15309460 0.19968946 0.13632193
0.41173392 0.14401363 0.17649729 0.12425353
0.46194270 0.14099934 0.17276880 0.12392581
0.51827718 0.12371162 0.18264847 0.11578401
0.58155775 0.11915601 0.15921034 0.10779412
0.65255012 0.11410782 0.14289378 0.10087412
0.73218410 0.10767431 0.15137771 0.09932646
0.82155355 0.10166558 0.14101737 0.09440210
0.92180704 0.09532293 0.13007879 0.08730052
1.03431191 0.09299952 0.11824060 0.08364407
1.16059959 0.08227055 0.10788073 0.07326878
1.30225618 0.07847572 0.10624132 0.07024020
1.46114128 0.07446378 0.10140800 0.06770400
1.63938793 0.07066285 0.09393655 0.06354358
1.83940267 0.06483082 0.09372072 0.06143762
2.06386547 0.06694543 0.08868977 0.06105316
2.31572980 0.07091834 0.08960877 0.06243827
