# dimensionless spectra - smoothed according to reduced frequency bins
# frequency=0 where no energy content
# format: standard numpy.genfromtxt()
# variables = "f_sm" "S_uu_sm" "S_vv_sm" "S_uv_sm" 
0.00000000 0.00000000 0.00000000 0.00000000
0.00000000 0.00000000 0.00000000 0.00000000
0.00000000 0.00000000 0.00000000 0.00000000
0.00000000 0.00000000 0.00000000 0.00000000
0.00000000 0.00000000 0.00000000 0.00000000
0.00000000 0.00000000 0.00000000 0.00000000
0.00000000 0.00000000 0.00000000 0.00000000
0.00000000 0.00000000 0.00000000 0.00000000
0.00000000 0.00000000 0.00000000 0.00000000
0.00000000 0.00000000 0.00000000 0.00000000
0.00000000 0.00000000 0.00000000 0.00000000
0.00000000 0.00000000 0.00000000 0.00000000
0.00007994 0.00083612 0.00067758 0.00075267
0.00015988 0.00780222 0.01008395 0.00886982
0.00023981 0.00081927 0.01211983 0.00315103
0.00031975 0.01191648 0.00066363 0.00281207
0.00039969 0.00414074 0.00270450 0.00334636
0.00047963 0.01574040 0.01437121 0.01503991
0.00055956 0.00983451 0.00154207 0.00389421
0.00063950 0.00106784 0.00344638 0.00191834
0.00075941 0.01644658 0.00484712 0.00824056
0.00087932 0.00479151 0.00478769 0.00478949
0.00099922 0.01045888 0.01665710 0.00447871
0.00111913 0.00059603 0.00884993 0.00229665
0.00123903 0.02407172 0.00688772 0.01176690
0.00139891 0.04068446 0.00821176 0.01549243
0.00159875 0.03415979 0.01165031 0.01314597
0.00183857 0.02682311 0.01315542 0.01676594
0.00207838 0.02075973 0.01276639 0.01175123
0.00231819 0.04173877 0.03502138 0.03383008
0.00259798 0.04358460 0.01937731 0.02424472
0.00291773 0.10600569 0.03419294 0.05221423
0.00327745 0.10208561 0.02383038 0.04388381
0.00371710 0.05554822 0.04959494 0.03892695
0.00419673 0.17647859 0.04706956 0.08043786
0.00471633 0.10080164 0.07704834 0.06457786
0.00527589 0.10831582 0.09933588 0.07883956
0.00591539 0.07496688 0.06906874 0.05739268
0.00667480 0.08455858 0.07970556 0.06339919
0.00747418 0.14149480 0.14800890 0.12901466
0.00839346 0.19391020 0.06797734 0.09465858
0.00943265 0.12125656 0.10460690 0.09820757
0.01059175 0.15763944 0.09293595 0.08823218
0.01191072 0.17806036 0.12588641 0.11689289
0.01334960 0.11725907 0.07113223 0.07370587
0.01498832 0.17171841 0.18882808 0.13277745
0.01682689 0.18680614 0.16395160 0.12922207
0.01890527 0.11416626 0.17830240 0.11777158
0.02122347 0.11035176 0.14183249 0.09323021
0.02382144 0.20971761 0.21602700 0.17704049
0.02673917 0.15411340 0.16682801 0.13211878
0.03001662 0.18301457 0.16748591 0.13955833
0.03369375 0.17280608 0.18811024 0.14195215
0.03781055 0.20458590 0.24510566 0.15938707
0.04244693 0.20626739 0.20285432 0.15710565
0.04760292 0.24865790 0.18434644 0.17102331
0.05339840 0.21728989 0.21084431 0.16017493
0.05995330 0.23174418 0.21524422 0.18340663
0.06730757 0.23939333 0.22281796 0.18650583
0.07550118 0.25570283 0.28302211 0.20421241
0.08473399 0.21281454 0.21291254 0.16789692
0.09508593 0.18744621 0.18827608 0.15404501
0.10667690 0.19812433 0.24870483 0.17067262
0.11970675 0.21331217 0.24167957 0.18160858
0.13433535 0.17640762 0.20877538 0.15310886
0.15076255 0.17329627 0.24224360 0.16130996
0.16914823 0.19188061 0.21267452 0.16154482
0.18977217 0.15481238 0.19371841 0.13686202
0.21295411 0.15516189 0.19598237 0.13513661
0.23897384 0.14972301 0.18882357 0.13672519
0.26815111 0.14331787 0.18155322 0.12436663
0.30088561 0.14954132 0.18824596 0.13346717
0.33757702 0.14058770 0.16460539 0.12090702
0.37874495 0.13488869 0.16825272 0.11671937
0.42498893 0.12810543 0.14050354 0.10661869
0.47686851 0.12031902 0.14799955 0.10599027
0.53506318 0.11977943 0.14836756 0.10433541
0.60037230 0.11299598 0.14014423 0.09801179
0.67363523 0.10197013 0.13164982 0.09240523
0.75581122 0.10205726 0.11809775 0.08615787
0.84805935 0.09143300 0.10810667 0.07784646
0.95161868 0.08079118 0.10069790 0.07073363
1.06776820 0.07986212 0.09569613 0.06761547
1.19802672 0.07438968 0.09001163 0.06459278
1.34419286 0.07324119 0.08811995 0.06345040
1.50822508 0.07145181 0.08614942 0.06196625
1.69228169 0.07291540 0.09098903 0.06349971
