# dimensionless spectra - smoothed according to reduced frequency bins
# frequency=0 where no energy content
# format: standard numpy.genfromtxt()
# variables = "f_sm" "S_uu_sm" "S_vv_sm" "S_uv_sm" 
0.00000000 0.00000000 0.00000000 0.00000000
0.00000000 0.00000000 0.00000000 0.00000000
0.00000000 0.00000000 0.00000000 0.00000000
0.00000000 0.00000000 0.00000000 0.00000000
0.00000000 0.00000000 0.00000000 0.00000000
0.00000000 0.00000000 0.00000000 0.00000000
0.00000000 0.00000000 0.00000000 0.00000000
0.00000000 0.00000000 0.00000000 0.00000000
0.00000000 0.00000000 0.00000000 0.00000000
0.00000000 0.00000000 0.00000000 0.00000000
0.00000000 0.00000000 0.00000000 0.00000000
0.00000000 0.00000000 0.00000000 0.00000000
0.00014359 0.00065710 0.00012113 0.00028212
0.00028717 0.00601377 0.00051731 0.00176376
0.00043076 0.00267773 0.00083726 0.00149729
0.00057434 0.00051579 0.00132210 0.00082577
0.00071793 0.01016631 0.01450074 0.01214139
0.00086151 0.01578610 0.00215289 0.00582961
0.00100510 0.02953652 0.00374832 0.01052179
0.00114868 0.05791988 0.00271945 0.01255005
0.00136406 0.02520231 0.01101481 0.01403684
0.00157944 0.02187568 0.01041080 0.01509087
0.00179482 0.02566152 0.00547799 0.01040750
0.00201020 0.00530257 0.01006775 0.00730636
0.00222557 0.07448151 0.00656600 0.02033597
0.00251275 0.06034962 0.00709690 0.02061020
0.00287171 0.01199765 0.00886980 0.00911620
0.00330246 0.04167475 0.01180756 0.01940961
0.00373322 0.05346986 0.03154438 0.03897724
0.00416398 0.07236239 0.03252593 0.04731332
0.00466653 0.09066201 0.02024109 0.03856229
0.00524087 0.09325888 0.01875484 0.03629624
0.00588700 0.05232175 0.03226148 0.03662922
0.00667672 0.13708704 0.06915137 0.07482747
0.00753824 0.10907286 0.05265923 0.06241648
0.00847154 0.11393979 0.08939061 0.09559271
0.00947664 0.13039868 0.10213316 0.09278852
0.01062532 0.10194331 0.08066620 0.08368511
0.01198938 0.11781773 0.09362665 0.08707716
0.01342524 0.17852666 0.08340304 0.08738901
0.01507647 0.10245176 0.08249463 0.07542105
0.01694308 0.13204832 0.15181123 0.11050624
0.01902507 0.16857974 0.12993700 0.13514869
0.02139423 0.18097796 0.09214422 0.08335482
0.02397877 0.09798282 0.13585115 0.08423725
0.02692227 0.18778877 0.19865884 0.15395193
0.03022473 0.14877548 0.20735392 0.13292666
0.03395795 0.18680377 0.16059077 0.15475212
0.03812193 0.18587106 0.12999421 0.13208376
0.04278846 0.20424071 0.14581392 0.14810357
0.04802933 0.12785719 0.17955166 0.12721423
0.05391633 0.22430415 0.15575334 0.15670180
0.06052126 0.21743586 0.18809217 0.14927570
0.06791591 0.24365898 0.14099235 0.15505369
0.07624386 0.21990822 0.18524306 0.15599078
0.08550512 0.18670077 0.18964689 0.14618816
0.09591507 0.18647029 0.20389074 0.15683420
0.10768907 0.21862993 0.20011340 0.16884807
0.12089893 0.19710345 0.18564051 0.14404703
0.13561644 0.22688584 0.22652068 0.16965323
0.15220056 0.20746385 0.21823746 0.15884645
0.17079487 0.19831090 0.22377323 0.16867314
0.19161476 0.19087848 0.23767615 0.17178569
0.21501918 0.18064959 0.23285592 0.15998909
0.24129532 0.17545649 0.20170538 0.15062088
0.27080212 0.17426322 0.26887374 0.17201224
0.30382677 0.15038713 0.21153859 0.13724248
0.34087181 0.15006843 0.18745437 0.13369798
0.38251159 0.14609420 0.22317619 0.14336047
0.42924865 0.13717385 0.19507790 0.12310523
0.48165733 0.13096737 0.19782948 0.12632292
0.54045556 0.11457185 0.18678561 0.11335122
0.60636128 0.12834683 0.17641209 0.11836885
0.68030777 0.11721076 0.15690053 0.10627122
0.76337195 0.11520365 0.16389035 0.10557912
0.85655889 0.11249605 0.16431790 0.10712060
0.96116088 0.09040950 0.13863747 0.08779289
1.07854197 0.09249660 0.14233999 0.09058736
1.21013802 0.08285150 0.12905907 0.08047841
1.35774384 0.07564544 0.12331214 0.07539345
1.52344143 0.07365819 0.11692760 0.07394891
1.70938456 0.06854677 0.10725597 0.06730633
1.91794240 0.06389194 0.10033559 0.06378651
2.15191486 0.05802877 0.08856514 0.05700036
2.41446082 0.05659628 0.08851161 0.05596228
2.70909813 0.05514264 0.08171062 0.05237595
3.03970359 0.05611872 0.08239088 0.05319669
3.41058476 0.05587663 0.08718625 0.05446412
