# dimensionless spectra - smoothed according to reduced frequency bins
# frequency=0 where no energy content
# format: standard numpy.genfromtxt()
# variables = "f_sm" "S_uu_sm" "S_vv_sm" "S_uv_sm" 
0.00000000 0.00000000 0.00000000 0.00000000
0.00000000 0.00000000 0.00000000 0.00000000
0.00000000 0.00000000 0.00000000 0.00000000
0.00000000 0.00000000 0.00000000 0.00000000
0.00000000 0.00000000 0.00000000 0.00000000
0.00000000 0.00000000 0.00000000 0.00000000
0.00000000 0.00000000 0.00000000 0.00000000
0.00000000 0.00000000 0.00000000 0.00000000
0.00000000 0.00000000 0.00000000 0.00000000
0.00000000 0.00000000 0.00000000 0.00000000
0.00000000 0.00000000 0.00000000 0.00000000
0.00000000 0.00000000 0.00000000 0.00000000
0.00035381 0.00380236 0.00279138 0.00325784
0.00070761 0.00080656 0.00034005 0.00052371
0.00106142 0.00909181 0.01175295 0.01033695
0.00141522 0.02968473 0.00016422 0.00220787
0.00176903 0.03544526 0.00774482 0.01656833
0.00212283 0.05226994 0.00952290 0.02231026
0.00247664 0.13325539 0.00256911 0.01850240
0.00283044 0.03503358 0.00031366 0.00331489
0.00336115 0.01654013 0.01201073 0.01111560
0.00389186 0.08257917 0.03451756 0.05338871
0.00442256 0.01839917 0.01597064 0.01556865
0.00495327 0.21094343 0.06073092 0.11318322
0.00548398 0.07013164 0.00802718 0.02358140
0.00619159 0.01582784 0.00882883 0.01178869
0.00707610 0.05493356 0.04132860 0.04008873
0.00813752 0.12885123 0.00978951 0.02698424
0.00919893 0.03552773 0.02152069 0.02584630
0.01026035 0.11458146 0.05878048 0.07047118
0.01149866 0.09671995 0.03495967 0.05159657
0.01291388 0.09968724 0.02688258 0.03121411
0.01450601 0.04452588 0.07915019 0.04845042
0.01645193 0.33789240 0.03213274 0.08243632
0.01857476 0.11429861 0.05171758 0.06489238
0.02087450 0.22183020 0.08798235 0.10237564
0.02335113 0.21720780 0.10927070 0.13670319
0.02618157 0.23929183 0.08479503 0.09883921
0.02954272 0.43183470 0.10769212 0.13542857
0.03308077 0.19533162 0.14932385 0.15351403
0.03714953 0.27670489 0.10625482 0.14748376
0.04174899 0.22605035 0.12093666 0.11436471
0.04687916 0.17496956 0.32017742 0.18625868
0.05271695 0.31206639 0.19027797 0.16777295
0.05908544 0.31886622 0.19846205 0.22671072
0.06633844 0.29860062 0.27706799 0.22641912
0.07447595 0.23058378 0.28949179 0.22606136
0.08367489 0.21076523 0.23114445 0.17170286
0.09393523 0.16104225 0.21892802 0.14021013
0.10543389 0.17727610 0.17762927 0.15214099
0.11834778 0.19228976 0.25098248 0.18459847
0.13285378 0.20909428 0.23215435 0.17300242
0.14912881 0.14756488 0.28863984 0.17342609
0.16734977 0.14731077 0.22238185 0.14547520
0.18787046 0.16367719 0.26180167 0.15951578
0.21069088 0.13702948 0.23671844 0.14029412
0.23634175 0.12070512 0.22140091 0.13432702
0.26535376 0.11662101 0.23771647 0.12881175
0.29790382 0.11523365 0.20945866 0.12104008
0.33416883 0.11523882 0.18069904 0.11216697
0.37503331 0.10114738 0.17296866 0.10196526
0.42085106 0.09810656 0.20616849 0.11006017
0.47215279 0.10046737 0.20757467 0.11200130
0.52982301 0.09372344 0.15760173 0.09354730
0.59456932 0.08098175 0.14128482 0.08419207
0.66727625 0.08059456 0.16619000 0.08776421
0.74865140 0.07919348 0.13847917 0.08213110
0.83993310 0.07030046 0.13736572 0.07798539
0.94253655 0.06437669 0.12804449 0.07268750
1.05787698 0.06035381 0.12778417 0.07250857
1.18719272 0.05745792 0.11991765 0.06711638
1.33207587 0.05364772 0.12674343 0.06491169
1.49447237 0.05232557 0.10876775 0.06035017
1.67668195 0.05383437 0.09863875 0.05709163
1.88135815 0.04802932 0.09105678 0.05208056
2.11097760 0.04922840 0.08474512 0.05045655
2.36854765 0.04224508 0.08402189 0.04737438
2.65760635 0.03986542 0.08280909 0.04554130
2.98186864 0.03892064 0.07926362 0.04364972
3.34558019 0.03647146 0.07558673 0.04114615
3.75387117 0.03476914 0.06627069 0.03763872
4.21204866 0.03151274 0.05890171 0.03365368
4.72595044 0.03075156 0.05786592 0.03301091
5.30247571 0.02603314 0.05508089 0.02969765
5.94940817 0.02439648 0.05077885 0.02765062
6.67541606 0.02268746 0.04483878 0.02481844
7.49005210 0.02109914 0.04159709 0.02332135
8.40393044 0.02063597 0.03913231 0.02253095
9.42925737 0.01987376 0.03814267 0.02160547
10.57983126 0.01963372 0.03812990 0.02146656
11.87086575 0.02066417 0.03894177 0.02230019
