# dimensionless spectra - smoothed according to reduced frequency bins
# frequency=0 where no energy content
# format: standard numpy.genfromtxt()
# variables = "f_sm" "S_uu_sm" "S_vv_sm" "S_uv_sm" 
0.00000000 0.00000000 0.00000000 0.00000000
0.00000000 0.00000000 0.00000000 0.00000000
0.00000000 0.00000000 0.00000000 0.00000000
0.00000000 0.00000000 0.00000000 0.00000000
0.00000000 0.00000000 0.00000000 0.00000000
0.00000000 0.00000000 0.00000000 0.00000000
0.00000000 0.00000000 0.00000000 0.00000000
0.00000000 0.00000000 0.00000000 0.00000000
0.00000000 0.00000000 0.00000000 0.00000000
0.00000000 0.00000000 0.00000000 0.00000000
0.00000000 0.00000000 0.00000000 0.00000000
0.00000000 0.00000000 0.00000000 0.00000000
0.00018424 0.00100216 0.00219128 0.00148187
0.00036848 0.00818192 0.00286285 0.00483971
0.00055271 0.00254560 0.01098714 0.00528847
0.00073695 0.00275466 0.00172687 0.00218100
0.00092119 0.00340178 0.00530929 0.00424976
0.00110543 0.00951456 0.00133289 0.00356110
0.00128966 0.00070908 0.00440114 0.00176654
0.00147390 0.03179580 0.00288584 0.00957885
0.00175026 0.01947681 0.02441530 0.02180398
0.00202662 0.00850003 0.00357250 0.00551047
0.00230297 0.00091621 0.01613649 0.00295584
0.00257933 0.04323330 0.00960875 0.02038145
0.00285569 0.04421776 0.01059158 0.02149805
0.00322416 0.01830790 0.02075078 0.01682038
0.00368476 0.08377099 0.03256796 0.05055021
0.00423747 0.08547655 0.01547503 0.02677449
0.00479018 0.12726244 0.02995393 0.05883721
0.00534290 0.08009752 0.03202893 0.04931747
0.00598773 0.07449341 0.05652994 0.05971229
0.00672468 0.09650235 0.04841801 0.06574896
0.00755375 0.10067110 0.05267698 0.06937130
0.00856706 0.11505687 0.03456786 0.04461025
0.00967248 0.15346697 0.04316977 0.07143768
0.01087003 0.09327721 0.06305292 0.06398981
0.01215969 0.11775586 0.07989210 0.07585615
0.01363360 0.19470936 0.04387976 0.06217287
0.01538386 0.23420089 0.08175017 0.10496736
0.01722623 0.17815724 0.10134717 0.12418211
0.01934497 0.15871834 0.10022268 0.10589888
0.02174006 0.13900939 0.07951558 0.09220426
0.02441151 0.13805666 0.15163884 0.11354622
0.02745143 0.21406167 0.13516534 0.13808592
0.03076771 0.14599692 0.15252243 0.10963298
0.03454459 0.18206663 0.15698769 0.13208155
0.03878205 0.16189393 0.11280929 0.09768177
0.04357224 0.23018275 0.12943343 0.14676892
0.04891513 0.16284694 0.17649436 0.13243944
0.05490286 0.21611112 0.14030870 0.14432380
0.06162754 0.17781609 0.16341723 0.14022719
0.06918129 0.21266926 0.18522922 0.15610668
0.07765623 0.24265934 0.18455548 0.17388595
0.08714447 0.24689116 0.19548524 0.16304732
0.09783027 0.23138375 0.23583047 0.18375135
0.10971360 0.19769267 0.21958215 0.16793597
0.12307084 0.16410123 0.19641257 0.14179581
0.13817834 0.17102317 0.22081159 0.15354505
0.15512822 0.16547693 0.22960837 0.15828815
0.17401259 0.20671207 0.19781463 0.15837913
0.19529205 0.20706765 0.20734197 0.17275347
0.21915085 0.17878213 0.23469752 0.16265735
0.24586533 0.16430860 0.19495720 0.14576230
0.27589609 0.16415873 0.22007773 0.15170873
0.30961160 0.14876170 0.22579274 0.14793953
0.34747247 0.14162093 0.20391007 0.13358749
0.38984716 0.14726626 0.21119894 0.13793571
0.43738051 0.12700818 0.20522443 0.13168617
0.49080947 0.14352065 0.20626867 0.13864402
0.55077887 0.12286669 0.18530318 0.11724682
0.61802566 0.11329148 0.17809756 0.11419424
0.69347103 0.09826685 0.17660303 0.10320897
0.77803618 0.09379427 0.16077554 0.09734766
0.87291864 0.09849266 0.16336280 0.09956998
0.97959232 0.08787324 0.15938314 0.09411115
1.09925476 0.08179488 0.14835053 0.08885253
1.23337987 0.07839119 0.13605007 0.08169577
1.38390214 0.07118524 0.11953647 0.07221578
1.55275608 0.07044668 0.13261706 0.07550870
1.74215252 0.06308697 0.11967626 0.06763112
1.95476293 0.06072657 0.10889104 0.06233427
2.19335086 0.05548288 0.10422126 0.05939514
2.46095625 0.05180004 0.09475125 0.05527135
2.76117172 0.04892427 0.08684064 0.05160361
3.09805052 0.04386927 0.08096684 0.04735612
3.47610646 0.04085005 0.07834021 0.04402161
3.90031397 0.04123205 0.07522110 0.04357629
4.37620017 0.03961825 0.07089779 0.04158193
4.91012128 0.04193879 0.07464547 0.04421045
